1433250656 1809717
1433250697 1812111
1436864976 330
1436865312 344
1436942381 415
1436942432 1034
1436942856 1034
1438743172 1039
1438843136 1038
1441207004 532
1441270161 538
1441270992 537
1441274126 544
1441274792 539
1442217160 544
1442217231 544
1442553605 2070
1442553686 1850
1444285706 1842
1444729211 1492
1444729219 1492
1444729285 1492
1445061177 1508
1445245025 1510
1445245127 1513
1445245134 1513
1445245209 1513
1445325086 1515
1445325092 1515
1445325123 1515
1445399213 1877
1445399235 1877
1445413364 1876
1445506270 1877
1445566646 1865
1445924462 1870
1446033425 1869
1446263883 1878
1446263891 1878
1446265541 1880
1446265548 1880
1446272026 1880
1446272037 1880
1447749015 1896
1447749027 1896
1449574693 1896
1450840322 1896
1450840618 1896
1450943844 2032
1450943854 2032
1451901264 2184
1451901277 2184
1453884007 2184
1453902031 2183
1454041437 2186
1454397141 2188
1454403820 2189
1454403939 2194
1456634497 2306
1456746924 2339
1456977676 2345
1456977896 2348
1457073699 2350
1457073894 2353
1457073950 2353
1459090604 2366
1459781476 2561
1459835067 2565
1459933783 2572
1460100090 2870
1460101019 2886
1460368677 2938
1460373984 2938
1460375686 2942
1460428144 2940
1460446975 2947
1460961752 3064
1460961786 3064
1461219574 3064
1461302177 3182
1461552107 3186
1461651205 3186
1461651254 3186
1461847709 3196
1462433051 3204
1463057723 3231
1463058509 3257
1467688994 3262
1467689268 3040
1469513566 3062
1469693913 3142
1470140255 3147
1472202701 3151
1473391599 3197
1473391704 3201
1473489938 3210
1476255037 3215
1476264832 3274
1477545589 3277
1477545604 3277
1478860395 3287
1481200201 3540
1482841268 11144
1482841558 11167
1483084431 11126
1483531300 11158
1484031466 11161
1485245275 11247
1486637731 11593
1487148038 11649
1487318293 11631
1488193224 12612
1489046724 12619
1489474722 12611
1490010201 12616
1490187908 12619
1490188490 12621
1490522323 12634
1490787578 12857
1490794228 12854
1491563236 12867
1492572191 14572
1493948169 14572
1493948770 14576
1493951552 14583
1493951615 14583
1495798589 14589
1501556160 14663
1506046613 14808
1506076986 14965
1508207780 15019
1508208119 15024
1508317679 15024
1509011150 15040
1509011288 15040
1510629539 15043
1510629619 15047
1510716933 15079
1510717665 14270
1510717688 14270
1510752998 14274
1510753423 14278
1520252867 14282
1520337217 14286
1520338642 14290
1522394947 14290
1526632489 14294
1526634613 14298
1529396490 14295
1531303100 14327
1531304273 14331
1536663925 5780
1536664100 5808
1536665297 5808
1537360372 5819
1539065998 5819
1539920591 5890
1539920600 5890
1539929772 7930
1539931694 7897
1540273677 8009
1540284050 8014
1540433400 8059
1540551750 8063
1540551849 8064
1540552119 8063
1540862918 8046
1543744133 8139
1543802445 8146
1543816709 8147
1543830617 8180
1543830998 8183
1544066595 8183
1544066611 8210
1544066703 8212
1544074082 8216
1544075323 8216
1545981639 8240
1545981862 8241
1545983002 8242
1545984349 8244
1545984425 8244
1545984445 8244
1546427032 8247
